event_name,track_001_event_001_20260501_175631,track_003_event_002_20260501_175633,track_005_event_001_20260501_174054,track_008_event_003_20260501_174236,track_009_event_004_20260501_174415,track_018_event_003_20260501_175857,track_019_event_004_20260501_175904,track_045_event_005_20260501_180231,track_048_event_006_20260501_180258,track_055_event_007_20260501_180427,track_059_event_008_20260501_180518,track_061_event_009_20260501_180533,track_065_event_011_20260501_180547,track_070_event_012_20260501_180559,track_071_event_013_20260501_180601,track_073_event_014_20260501_180611,track_076_event_015_20260501_180634,track_088_event_016_20260501_180746,track_108_event_017_20260501_180929,track_109_event_018_20260501_180933,track_115_event_019_20260501_181528,track_130_event_020_20260501_181945,track_131_event_021_20260501_181947,track_132_event_022_20260501_181959,track_136_event_023_20260501_182419,track_137_event_024_20260501_182732,track_138_event_025_20260501_182741,track_150_event_026_20260501_183051
track_001_event_001_20260501_175631,1.000000,0.271921,0.137112,0.144902,0.093280,0.143398,0.065570,0.193675,0.076941,0.572676,0.296447,0.095347,0.489750,0.107613,0.066993,0.526731,0.494375,0.428812,0.237879,0.169912,0.042871,0.631279,0.706993,0.457853,0.225240,0.087173,0.062449,0.074251
track_003_event_002_20260501_175633,0.271921,1.000000,0.028808,0.361067,0.291691,0.392481,0.454893,0.396123,0.181783,0.390864,0.691248,0.182360,0.171701,0.544031,0.293200,0.319621,0.403674,0.275957,0.538792,0.190075,0.071166,0.303019,0.213571,0.478707,0.253116,0.248489,0.174068,0.354120
track_005_event_001_20260501_174054,0.137112,0.028808,1.000000,-0.003342,-0.019170,-0.020456,0.000397,0.052796,-0.043368,0.003542,0.060333,0.049444,0.073395,0.064335,-0.023375,0.099866,0.000886,0.035233,0.012052,-0.012490,0.070191,0.133848,0.068465,0.142671,0.063424,-0.036279,-0.115559,0.025430
track_008_event_003_20260501_174236,0.144902,0.361067,-0.003342,1.000000,0.829017,0.085662,0.054890,0.379678,0.098309,0.201388,0.152119,0.145967,0.031003,0.099763,0.108071,0.056612,0.100660,0.134957,0.411344,0.503579,0.089283,0.098830,0.091824,0.124631,0.096788,0.047792,0.187190,0.028550
track_009_event_004_20260501_174415,0.093280,0.291691,-0.019170,0.829017,1.000000,0.031664,0.023830,0.352415,0.146878,0.154092,0.135660,0.169427,0.065458,0.049048,0.133990,0.065174,0.103714,0.174702,0.348206,0.534878,0.060775,0.065138,0.089132,0.119551,0.023986,0.047807,0.138729,0.044532
track_018_event_003_20260501_175857,0.143398,0.392481,-0.020456,0.085662,0.031664,1.000000,0.585902,0.344367,0.117149,0.140539,0.459713,0.084079,-0.024333,0.532238,0.224843,0.113667,0.255261,0.028079,0.362855,0.102601,0.097960,0.062947,0.036393,0.231822,0.036906,0.396659,0.198915,0.436225
track_019_event_004_20260501_175904,0.065570,0.454893,0.000397,0.054890,0.023830,0.585902,1.000000,0.200412,0.046194,0.119585,0.471291,0.027082,0.029545,0.699478,0.155555,0.067127,0.324944,0.026750,0.274716,0.052977,0.022899,0.050545,0.049661,0.184301,0.029030,0.331374,0.088125,0.570470
track_045_event_005_20260501_180231,0.193675,0.396123,0.052796,0.379678,0.352415,0.344367,0.200412,1.000000,0.239685,0.227590,0.371366,0.221087,0.016462,0.289435,0.245695,0.126359,0.245217,0.108358,0.604472,0.352787,0.190545,0.080661,0.146407,0.308622,0.091339,0.130319,0.214858,0.261550
track_048_event_006_20260501_180258,0.076941,0.181783,-0.043368,0.098309,0.146878,0.117149,0.046194,0.239685,1.000000,0.209731,0.131171,0.643804,0.201329,0.163403,0.414839,0.125366,0.288906,0.076378,0.134689,0.225253,0.584889,0.089943,0.182803,0.085025,-0.016658,0.028677,0.400131,0.034375
track_055_event_007_20260501_180427,0.572676,0.390864,0.003542,0.201388,0.154092,0.140539,0.119585,0.227590,0.209731,1.000000,0.361858,0.193146,0.449806,0.155343,0.132065,0.497594,0.470964,0.391714,0.255336,0.176047,0.135728,0.493969,0.619009,0.410121,0.312505,0.177808,0.150295,0.111751
track_059_event_008_20260501_180518,0.296447,0.691248,0.060333,0.152119,0.135660,0.459713,0.471291,0.371366,0.131171,0.361858,1.000000,0.132322,0.132064,0.553608,0.273700,0.313764,0.349839,0.274074,0.438354,0.087150,0.138145,0.297004,0.191226,0.567295,0.193170,0.314851,0.148789,0.499851
track_061_event_009_20260501_180533,0.095347,0.182360,0.049444,0.145967,0.169427,0.084079,0.027082,0.221087,0.643804,0.193146,0.132322,1.000000,0.138548,0.149060,0.423337,0.140035,0.245936,0.162158,0.130219,0.226098,0.603914,0.177918,0.124552,0.126128,0.032925,0.144790,0.331075,0.067748
track_065_event_011_20260501_180547,0.489750,0.171701,0.073395,0.031003,0.065458,-0.024333,0.029545,0.016462,0.201329,0.449806,0.132064,0.138548,1.000000,0.022372,0.048936,0.442188,0.601468,0.286156,0.109906,0.142952,0.132208,0.430151,0.646525,0.328069,0.359316,-0.030664,0.016954,0.061031
track_070_event_012_20260501_180559,0.107613,0.544031,0.064335,0.099763,0.049048,0.532238,0.699478,0.289435,0.163403,0.155343,0.553608,0.149060,0.022372,1.000000,0.229896,0.125338,0.350383,0.071147,0.358727,0.079034,0.088969,0.131213,0.069364,0.237734,0.091015,0.418626,0.105121,0.546879
track_071_event_013_20260501_180601,0.066993,0.293200,-0.023375,0.108071,0.133990,0.224843,0.155555,0.245695,0.414839,0.132065,0.273700,0.423337,0.048936,0.229896,1.000000,0.087614,0.278177,0.103846,0.234693,0.120348,0.311447,0.074204,0.093228,0.109350,-0.006174,0.102874,0.306976,0.265459
track_073_event_014_20260501_180611,0.526731,0.319621,0.099866,0.056612,0.065174,0.113667,0.067127,0.126359,0.125366,0.497594,0.313764,0.140035,0.442188,0.125338,0.087614,1.000000,0.471277,0.297620,0.161389,0.097803,0.066628,0.526943,0.534944,0.401831,0.276707,0.089050,0.038089,0.094386
track_076_event_015_20260501_180634,0.494375,0.403674,0.000886,0.100660,0.103714,0.255261,0.324944,0.245217,0.288906,0.470964,0.349839,0.245936,0.601468,0.350383,0.278177,0.471277,1.000000,0.308353,0.250135,0.172874,0.170741,0.435752,0.598571,0.304369,0.282306,0.110293,0.147507,0.312946
track_088_event_016_20260501_180746,0.428812,0.275957,0.035233,0.134957,0.174702,0.028079,0.026750,0.108358,0.076378,0.391714,0.274074,0.162158,0.286156,0.071147,0.103846,0.297620,0.308353,1.000000,0.131047,0.175036,0.060727,0.414006,0.402828,0.361537,0.375480,0.136512,0.036741,0.012022
track_108_event_017_20260501_180929,0.237879,0.538792,0.012052,0.411344,0.348206,0.362855,0.274716,0.604472,0.134689,0.255336,0.438354,0.130219,0.109906,0.358727,0.234693,0.161389,0.250135,0.131047,1.000000,0.351808,0.101964,0.164129,0.127300,0.275167,0.188865,0.097320,0.155255,0.260350
track_109_event_018_20260501_180933,0.169912,0.190075,-0.012490,0.503579,0.534878,0.102601,0.052977,0.352787,0.225253,0.176047,0.087150,0.226098,0.142952,0.079034,0.120348,0.097803,0.172874,0.175036,0.351808,1.000000,0.162376,0.146799,0.216397,0.125687,0.106954,0.095880,0.232131,0.055422
track_115_event_019_20260501_181528,0.042871,0.071166,0.070191,0.089283,0.060775,0.097960,0.022899,0.190545,0.584889,0.135728,0.138145,0.603914,0.132208,0.088969,0.311447,0.066628,0.170741,0.060727,0.101964,0.162376,1.000000,0.083389,0.044088,0.064347,-0.021901,0.057853,0.370972,0.070218
track_130_event_020_20260501_181945,0.631279,0.303019,0.133848,0.098830,0.065138,0.062947,0.050545,0.080661,0.089943,0.493969,0.297004,0.177918,0.430151,0.131213,0.074204,0.526943,0.435752,0.414006,0.164129,0.146799,0.083389,1.000000,0.574016,0.330680,0.354084,0.087287,0.042991,0.067204
track_131_event_021_20260501_181947,0.706993,0.213571,0.068465,0.091824,0.089132,0.036393,0.049661,0.146407,0.182803,0.619009,0.191226,0.124552,0.646525,0.069364,0.093228,0.534944,0.598571,0.402828,0.127300,0.216397,0.044088,0.574016,1.000000,0.344477,0.279094,0.033673,0.058362,0.059090
track_132_event_022_20260501_181959,0.457853,0.478707,0.142671,0.124631,0.119551,0.231822,0.184301,0.308622,0.085025,0.410121,0.567295,0.126128,0.328069,0.237734,0.109350,0.401831,0.304369,0.361537,0.275167,0.125687,0.064347,0.330680,0.344477,1.000000,0.281841,0.208951,0.063118,0.251102
track_136_event_023_20260501_182419,0.225240,0.253116,0.063424,0.096788,0.023986,0.036906,0.029030,0.091339,-0.016658,0.312505,0.193170,0.032925,0.359316,0.091015,-0.006174,0.276707,0.282306,0.375480,0.188865,0.106954,-0.021901,0.354084,0.279094,0.281841,1.000000,-0.016802,0.073023,0.044014
track_137_event_024_20260501_182732,0.087173,0.248489,-0.036279,0.047792,0.047807,0.396659,0.331374,0.130319,0.028677,0.177808,0.314851,0.144790,-0.030664,0.418626,0.102874,0.089050,0.110293,0.136512,0.097320,0.095880,0.057853,0.087287,0.033673,0.208951,-0.016802,1.000000,0.093899,0.345190
track_138_event_025_20260501_182741,0.062449,0.174068,-0.115559,0.187190,0.138729,0.198915,0.088125,0.214858,0.400131,0.150295,0.148789,0.331075,0.016954,0.105121,0.306976,0.038089,0.147507,0.036741,0.155255,0.232131,0.370972,0.042991,0.058362,0.063118,0.073023,0.093899,1.000000,0.088855
track_150_event_026_20260501_183051,0.074251,0.354120,0.025430,0.028550,0.044532,0.436225,0.570470,0.261550,0.034375,0.111751,0.499851,0.067748,0.061031,0.546879,0.265459,0.094386,0.312946,0.012022,0.260350,0.055422,0.070218,0.067204,0.059090,0.251102,0.044014,0.345190,0.088855,1.000000
